,888 8888 88888. 88888 ,888 88888888
88888888 888 88 ..888 8888888888 ,8888888888 8888
{a 8888ξὲ88 8888888888 88888888 8888
88 888 ,888888 8888 8888888888... 88888888
,888888 88888 n ..8888888883 88. 8888
888888 8888888888 8888888. 8888 n 88888888
,8Ξὲηέε
..8888 8888 8888 ...} n 88888 8888,
{ff-
,888 ... 8,. n ,8 ...8888888 ,8 ,88
,88888888 8888... 8888888 8888
88 ,88888888 88888888 88888888 88 88888888
48888 ,888 ..888888 88 ...... ,888 88 ,88
..888 8888888888 88 ,8888888
8888888 88888 8888888888 888888 88 8888888
.8888 888 ,8888 88888888888888 88888 8888888

8. 8.. 8.. ἢ...

8888888 88 8888888888.. 888888 88, 8888 88
8888888 88888 8888 8888888888 88888888 888
,88 88858 8888888888 888 8888888888 8888888 88
88888888. 8888888888888 88888 ,Ξ88 ,2.
888888 ,8 ,88888 88 ,88888 888 88 i}
,Ξ 88888888888888η8888888888888 {a
,88888888 88888 888888

8888 ,88 8888888 ,8888888888 888 ,8888 88 8888
888888 88 888 88888 88888 88 ,88888 88 88
8888888888888 88888 88 88888888 888888 888
888888 88 8888888 ,88 ,888888 88 ,88 ,88888888
888888 8888888 ,888888 8888888 88888888 8888 ,8
88888888 ..8 8888888 888888 ,88 ,88888 ,88
,8888888 88 88888 888888 8888888888
,88888 8888 88 ,88888 n ,8 ..8 888 ,88
888888.. 888
,8888 88 888 88888 8888, 88, ,88 88888 888

{z

8.. 8888888..
. 8. 88 488 aa
,8 888 „aa 88888888

8 a. „.dw.
ΞΞ 8

... 84888888 848 εἴ 84
88 288988 84888838... 8884..8 ...Λᾶ 2033— 488 „aad
888.. m} 2. ..ψ ,ἴω 88 88888 888 84888. ..888

88883888... 888888 8883.
,8888 ,8 ,88848 88Ί8 aa ,848 „Am
88 8488888888. 38 ,88888 88888 {- 88.. ,888888
48888, 88888388... 8.8 4888888888 8888 ,848 88888,
, 8888888888... 8888888888888.
dam 388.- 88838 8888.- 882888 bv. ‚0304- 882888
88 84888.. 888888 {.- , 888888 838 a} 8848.
....,8 ......88 888888 888818 8, 8888 8888 88888. ..88888
ἶ 848.» δή» „amb-Q. 8888 ,848 aava... ,ο 88888-
, 8888288884, ...... ...88888888 888
...8 omi ,ἴ 8848883. ...... ,gaq- ... Ξ οωέᾈ 8883884.. ...qo-qv ...8888
. ‚ta 8888888848 ,8888 3888 ,
......8 8.,,8 m... ,888
.. 888 - ,

,88 888488. ΛΞ 8888888888 Ξ.

 

